id	female	male	mated	dnm	failure	mating_duration	latency										
1	iv	iv	1	0	0	25.12	54										
2	iv	iv	0	1	0	0.00	-0.1696										
3	iv	iv	0	1	0	0.00	-0.3392										
4	iv	iv	0	1	0	0.00	-0.5088										
5	iv	iv	1	0	0	24.85	109.5816										
6	iv	iv	0	1	0	0.00	-0.848										
7	iv	iv	1	0	0	22.65	68.5024										
8	iv	iv	1	0	0	23.23	84.8728										
9	iv	iv	1	0	0	19.68	78.0932										
10	iv	iv	1	0	0	25.09	95.9136										
11	iv	iv	1	0	0	24.60	22.854										
12	iv	iv	1	0	0	-82.00	80.1344										
13	iv	iv	1	0	0	5.70	40.2648										
14	iv	iv	0	1	0	0.00	-2.2048										
15	iv	iv	1	0	0	20.89	59.0356										
16	iv	iv	1	0	0	25.30	74.736										
17	iv	iv	1	0	0	26.83	68.4564										
18	iv	iv	1	0	0	15.39	43.2368										
19	iv	iv	0	1	0	0.00	-3.0528										
20	iv	iv	1	0	0	18.09	42.0276										
21	iv	iv	0	1	0	0.00	-3.392										
22	iv	iv	0	1	0	0.00	-3.5616										
23	iv	iv	0	1	0	0.00	-3.7312										
24	iv	iv	1	0	0	22.90	65.3692										
25	iv	iv	1	0	0	24.00	12.9296										
26	dhm	dhm	0	1	0	0.00	-4.3										
27	dhm	dhm	1	0	0	21.00	86.9988										
28	dhm	dhm	0	1	0	0.00	-4.6424										
29	dhm	dhm	0	1	0	0.00	-4.8136										
30	dhm	dhm	1	0	0	20.25	134.0152										
31	dhm	dhm	1	0	0	21.59	92.274										
32	dhm	dhm	1	0	0	18.88	141.0528										
33	dhm	dhm	0	1	0	0.00	-5.4984										
34	dhm	dhm	0	1	0	0.00	-5.6696										
35	dhm	dhm	1	0	0	18.00	14.1592										
36	dhm	dhm	1	0	0	120.24	69.258										
37	dhm	dhm	1	0	0	16.39	135.8868										
38	dhm	dhm	0	1	0	0.00	-6.3544										
39	dhm	dhm	0	1	0	0.00	-6.5256										
40	dhm	dhm	1	0	0	16.90	22.7032										
41	dhm	dhm	1	0	0	21.25	151.322										
42	dhm	dhm	1	0	0	16.18	16.0208										
43	dhm	dhm	1	0	0	19.02	17.0296										
44	dhm	dhm	1	0	0	21.87	164.8384										
45	dhm	dhm	1	0	0	20.87	165.6672										
46	dhm	dhm	0	1	0	0.00	-7.724										
47	dhm	dhm	0	1	0	0.00	-7.8952										
48	dhm	dhm	1	0	0	21.12	120.1636										
49	dhm	dhm	1	0	0	16.88	75.9224										
50	dhm	dhm	1	0	0	22.94	117.8712										
51	dhm	iv	1	0	0	23.55	35.07										
52	dhm	iv	0	1	0	0.00	-9.5416										
53	dhm	iv	1	0	0	16.96	30.7768										
54	dhm	iv	0	1	0	0.00	-9.8648										
55	dhm	iv	0	1	0	0.00	-10.0264										
56	dhm	iv	0	1	0	0.00	-10.188										
57	dhm	iv	1	0	0	19.08	141.0504										
58	dhm	iv	0	1	0	0.00	-10.5112										
59	dhm	iv	1	0	0	34.77	173.7472										
60	dhm	iv	0	1	0	0.00	-10.8344										
61	dhm	iv	1	0	0	21.63	59.544										
62	dhm	iv	1	0	0	25.29	82.8824										
63	dhm	iv	1	0	0	29.58	93.1508										
64	dhm	iv	1	0	0	17.89	120.6492										
65	dhm	iv	0	1	0	0.00	-11.6424										
66	dhm	iv	1	0	0	23.76	32.436										
67	dhm	iv	1	0	0	22.21	121.2644										
68	dhm	iv	1	0	0	25.22	136.2328										
69	dhm	iv	1	0	0	43.95	16.2112										
70	dhm	iv	1	0	0	25.46	63.5496										
71	dhm	iv	0	1	0	0.00	-12.612										
72	dhm	iv	0	1	0	0.00	-12.7736										
73	dhm	iv	0	1	0	0.00	-12.9352										
74	dhm	iv	1	0	0	19.04	70.2432										
75	dhm	iv	1	0	1	0.00	-13.2584										
76	val	dhm	1	0	0	20.50	61.76										
77	val	dhm	1	0	0	10.85	14.1048										
78	val	dhm	0	1	0	0.00	-14.5504										
79	val	dhm	1	0	0	15.81	61.6544										
80	val	dhm	1	0	0	18.17	19.3192										
81	val	dhm	1	0	0	10.35	25.134										
82	val	dhm	1	0	0	17.68	8.1488										
83	val	dhm	1	0	0	17.86	69.9236										
84	val	dhm	1	0	0	14.16	23.6084										
85	val	dhm	1	0	0	18.07	53.4532										
86	val	dhm	1	0	0	22.01	41.778										
87	val	dhm	1	0	0	15.04	120.2228										
88	val	dhm	0	1	0	0.00	-16.1024										
89	val	dhm	1	0	0	18.17	51.1524										
90	val	dhm	1	0	0	14.10	67.8172										
91	val	dhm	1	0	0	22.77	119.742										
92	val	dhm	1	0	0	16.66	54.7968										
93	val	dhm	0	1	0	0.00	-16.8784										
94	val	dhm	1	0	0	20.41	99.0064										
95	val	dhm	1	0	0	14.97	98.9612										
96	val	dhm	1	0	0	14.04	68.016										
97	val	dhm	0	1	0	0.00	-17.4992										
98	val	dhm	1	0	0	12.78	31.7256										
99	val	dhm	1	0	0	15.63	14.5604										
100	val	dhm	1	0	0	16.35	31.2752										
101	lhm	dhm	1	0	0	17.27	77.6408										
102	lhm	dhm	1	0	0	16.05	53.7816										
103	lhm	dhm	1	0	0	11.70	16.5824										
104	lhm	dhm	1	0	0	11.05	16.4132										
105	lhm	dhm	1	0	0	13.00	12.004										
106	lhm	dhm	1	0	0	18.64	99.0948										
107	lhm	dhm	1	0	0	13.89	62.5456										
108	lhm	dhm	1	0	0	14.06	38.7064										
109	lhm	dhm	1	0	0	18.21	152.1372										
110	lhm	dhm	1	0	0	13.00	14.948										
111	lhm	dhm	1	0	0	20.25	20.0988										
112	lhm	dhm	0	1	0	0.00	-20.3904										
113	lhm	dhm	1	0	0	14.19	67.7404										
114	lhm	dhm	1	0	0	21.20	142.4212										
115	lhm	dhm	1	0	0	16.46	28.232										
116	lhm	dhm	1	0	0	17.39	57.9728										
117	lhm	dhm	0	1	0	0.00	-21.2364										
118	lhm	dhm	1	0	0	12.66	46.0044										
119	lhm	dhm	1	0	0	14.94	11.4852										
120	lhm	dhm	1	0	0	15.73	52.776										
121	lhm	dhm	1	0	0	17.22	14.4168										
122	lhm	dhm	1	0	0	17.89	21.2776										
123	lhm	dhm	1	0	0	20.99	115.0384										
124	lhm	dhm	1	0	0	9.14	43.5792										
125	lhm	dhm	1	0	0	20.67	141										
126	val	iv	1	0	0	24.77	101.89										
127	val	iv	1	0	0	16.68	36.0212										
128	val	iv	1	0	0	22.36	129.4524										
129	val	iv	1	0	0	18.55	41.2036										
130	val	iv	1	0	0	21.17	17.4048										
131	val	iv	1	0	0	31.08	146.406										
132	val	iv	0	1	0	0.00	-25.2428										
133	val	iv	1	0	0	24.94	163.1684										
134	val	iv	1	0	0	19.08	43.5596										
135	val	iv	0	1	0	0.00	-25.6892										
136	val	iv	1	0	0	29.71	106.572										
137	val	iv	1	0	0	26.45	15.5632										
138	val	iv	1	0	0	23.86	169.1244										
139	val	iv	1	0	0	27.09	120.8756										
140	val	iv	0	1	0	0.00	-26.4332										
141	val	iv	0	1	0	0.00	-26.582										
142	val	iv	0	1	0	0.00	-26.7308										
143	val	iv	1	0	0	22.00	23.6004										
144	val	iv	1	0	0	17.01	36.0316										
145	val	iv	1	0	0	22.70	25.2628										
146	val	iv	1	0	0	24.09	25.084										
147	val	iv	0	1	0	0.00	-27.4748										
148	val	iv	1	0	0	20.11	60.5564										
149	val	iv	1	0	0	17.93	62.4776										
150	val	iv	1	0	0	22.16	42.3788										
151	lhm	iv	1	0	0	20.31	12.58										
152	lhm	iv	1	0	0	20.15	12.484										
153	lhm	iv	1	0	0	26.81	30.63										
154	lhm	iv	1	0	0	18.98	25.51										
155	lhm	iv	1	0	0	21.69	133.37										
156	lhm	iv	1	0	0	28.69	63.07										
157	lhm	iv	1	0	0	20.29	45.77										
158	lhm	iv	1	0	0	16.99	15.59										
159	lhm	iv	1	0	0	17.67	29.79										
160	lhm	iv	1	0	0	21.05	44.5										
161	lhm	iv	1	0	0	24.28	102.1										
162	lhm	iv	1	0	0	18.04	60.03										
163	lhm	iv	0	1	0	0.00	-30.38										
164	lhm	iv	1	0	0	26.30	25.46										
165	lhm	iv	1	0	0	29.89	139.48										
166	lhm	iv	0	1	0	0.00	-30.86										
167	lhm	iv	1	0	0	16.64	32.5										
168	lhm	iv	1	0	0	20.88	52.41										
169	lhm	iv	0	1	0	0.00	-31.34										
170	lhm	iv	1	0	0	26.11	97.83										
171	lhm	iv	0	1	0	0.00	-31.66										
172	lhm	iv	1	0	0	19.89	109.46										
173	lhm	iv	0	1	0	0.00	-31.98										
174	lhm	iv	0	1	0	0.00	-32.14										
175	lhm	iv	1	0	0	24.02	83.11										
176	iv	dhm	1	0	0	16.15	106.29										
177	iv	dhm	1	0	0	11.41	36.8604										
178	iv	dhm	1	0	0	13.35	64.9108										
179	iv	dhm	1	0	0	26.12	91.6712										
180	iv	dhm	1	0	0	24.17	135.4416										
181	iv	dhm	1	0	0	8.31	38.442										
182	iv	dhm	1	0	0	12.04	39.5624										
183	iv	dhm	0	1	0	0.00	-33.9772										
184	iv	dhm	1	0	0	18.84	24.0432										
185	iv	dhm	1	0	0	21.27	36.0436										
186	iv	dhm	1	0	0	17.33	11.794										
187	iv	dhm	1	0	0	17.64	85.9644										
188	iv	dhm	1	0	0	18.35	10.4948										
189	iv	dhm	1	0	0	11.84	14.7352										
190	iv	dhm	1	0	0	16.21	53.3456										
191	iv	dhm	1	0	0	18.03	173.276										
192	iv	dhm	1	0	0	12.58	9.2764										
193	iv	dhm	1	0	0	20.17	36.6268										
194	iv	dhm	1	0	0	15.71	53.8672										
195	iv	dhm	1	0	0	21.90	76.6076										
196	iv	dhm	1	0	0	16.08	46.418										
197	iv	dhm	1	0	0	18.33	39.2084										
198	iv	dhm	1	0	0	16.47	56.9288										
199	iv	dhm	1	0	0	18.92	27.4492										
200	iv	dhm	1	0	0	12.22	30.8096										
201	lhm	lhm	1	0	0	31.94	69.37										
202	lhm	lhm	1	0	0	33.26	150.1288										
203	lhm	lhm	0	1	0	0.00	-0.3624										
204	lhm	lhm	1	0	0	20.80	17.8964										
205	lhm	lhm	0	1	0	0.00	-0.7248										
206	lhm	lhm	1	0	0	24.36	139.174										
207	lhm	lhm	1	0	0	17.28	68.1528										
208	lhm	lhm	1	0	0	22.34	171.7516										
209	lhm	lhm	1	0	0	37.19	109.8704										
210	lhm	lhm	1	0	0	38.31	123.5092										
211	lhm	lhm	1	0	0	27.18	128.268										
212	lhm	lhm	1	0	0	26.09	22.2168										
213	lhm	lhm	0	1	0	0.00	-2.1744										
214	lhm	lhm	1	0	0	28.47	104.7244										
215	lhm	lhm	0	1	0	0.00	-2.5368										
216	lhm	lhm	1	0	0	31.05	81.642										
217	lhm	lhm	0	1	0	0.00	-2.8992										
218	lhm	lhm	0	1	0	0.00	-3.0804										
219	lhm	lhm	0	1	0	0.00	-3.2616										
220	lhm	lhm	0	1	0	0.00	-3.4428										
221	lhm	lhm	0	1	0	0.00	-3.624										
222	lhm	lhm	1	0	0	42.53	42.6648										
223	lhm	lhm	1	0	0	27.04	120.1836										
224	lhm	lhm	0	1	0	0.00	-4.1676										
225	lhm	lhm	0	1	0	0.00	-4.3488										
226	val	val	1	0	0	22.04	60.64										
227	val	val	1	0	0	2.88	78.632										
228	val	val	1	0	0	14.00	64.204										
229	val	val	1	0	0	20.03	135.536										
230	val	val	1	0	0	12.14	80.208										
231	val	val	1	0	0	8.81	38.2										
232	val	val	1	0	0	7.13	111.842										
233	val	val	0	1	0	0.00	-6.536										
234	val	val	1	0	0	18.93	168.476										
235	val	val	0	1	0	0.00	-6.832										
236	val	val	1	0	0	18.52	142.51										
237	val	val	0	1	0	0.00	-7.128										
238	val	val	0	1	0	0.00	-7.276										
239	val	val	0	1	0	0.00	-7.424										
240	val	val	0	1	0	0.00	-7.572										
241	val	val	1	0	0	11.17	76.56										
242	val	val	1	0	1	2.32	91.262										
243	val	val	1	0	0	20.64	165.434										
244	val	val	1	0	0	18.31	125.076										
245	val	val	0	1	0	0.00	-8.312										
246	val	val	1	0	0	12.00	94.95										
247	val	val	0	1	0	0.00	-8.608										
248	val	val	0	1	0	0.00	-8.756										
249	val	val	1	0	0	10.84	145.316										
250	val	val	1	0	1	0.00	-9.052										
251	iv	lhm	1	0	0	21.18	46.87										
252	iv	lhm	1	0	0	27.15	107.5356										
253	iv	lhm	1	0	0	42.95	110.6412										
254	iv	lhm	1	0	0	24.78	124.5268										
255	iv	lhm	1	0	0	38.84	130.3824										
256	iv	lhm	1	0	0	40.05	175.898										
257	iv	lhm	0	1	0	0.00	-10.4364										
258	iv	lhm	0	1	0	0.00	-10.6008										
259	iv	lhm	1	0	0	10.59	154.7648										
260	iv	lhm	1	0	0	26.11	170.5304										
261	iv	lhm	1	0	0	12.75	44.456										
262	iv	lhm	1	0	0	38.77	115.1216										
263	iv	lhm	0	1	0	0.00	-11.4228										
264	iv	lhm	1	0	0	34.76	177.6728										
265	iv	lhm	1	0	0	33.71	35.7184										
266	iv	lhm	1	0	0	35.93	120.564										
267	iv	lhm	1	0	0	17.92	79.0096										
268	iv	lhm	1	0	0	38.07	22.0552										
269	iv	lhm	0	1	0	0.00	-12.4092										
270	iv	lhm	1	0	0	33.45	49.4264										
271	iv	lhm	1	0	0	10.52	77.782										
272	iv	lhm	1	0	0	28.99	46.2876										
273	iv	lhm	0	1	0	0.00	-13.0668										
274	iv	lhm	1	0	0	49.91	142.0088										
275	iv	lhm	1	0	0	36.02	69.6044										
276	dhm	lhm	0	1	0	0.00	-15.31										
277	dhm	lhm	1	0	0	0.00	-15.4368										
278	dhm	lhm	1	0	0	32.63	153.9064										
279	dhm	lhm	0	1	0	0.00	-15.6904										
280	dhm	lhm	1	0	0	49.78	95.5728										
281	dhm	lhm	0	1	0	0.00	-15.944										
282	dhm	lhm	1	0	0	36.49	126.0192										
283	dhm	lhm	0	1	0	0.00	-16.1976										
284	dhm	lhm	0	1	0	0.00	-16.3244										
285	dhm	lhm	1	0	0	26.00	174.6488										
286	dhm	lhm	1	0	0	38.76	125.712										
287	dhm	lhm	1	0	0	44.76	132.6252										
288	dhm	lhm	1	0	0	24.30	120.3784										
289	dhm	lhm	0	1	0	0.00	-16.9584										
290	dhm	lhm	0	1	0	0.00	-17.0852										
291	dhm	lhm	0	1	0	0.00	-17.212										
292	dhm	lhm	0	1	0	0.00	-17.3388										
293	dhm	lhm	1	0	0	25.78	150.8444										
294	dhm	lhm	1	0	0	29.82	123.7676										
295	dhm	lhm	0	1	0	0.00	-17.7192										
296	dhm	lhm	0	1	0	0.00	-17.846										
297	dhm	lhm	0	1	0	0.00	-17.9728										
298	dhm	lhm	1	0	0	30.11	135.3604										
299	dhm	lhm	1	0	0	35.05	98.2736										
300	dhm	lhm	0	1	0	0.00	-18.3532										
301	dhm	val	1	0	0	29.28	158.55										
302	dhm	val	0	1	0	0.00	-15.6										
303	dhm	val	1	0	0	19.02	17.73										
304	dhm	val	1	0	0	17.03	22.82										
305	dhm	val	1	0	0	21.36	103.49										
306	dhm	val	0	1	0	0.00	-15.6										
307	dhm	val	1	0	0	21.05	72.93										
308	dhm	val	1	0	0	19.54	30.45										
309	dhm	val	1	0	0	-9.97	27.7										
310	dhm	val	1	0	0	16.92	89.83										
311	dhm	val	1	0	0	25.97	110.53										
312	dhm	val	1	0	0	21.07	17.73										
313	dhm	val	1	0	0	17.50	47.46										
314	dhm	val	1	0	0	19.30	96.54										
315	dhm	val	1	0	0	26.26	83.66										
316	dhm	val	1	0	0	23.29	103.49										
317	dhm	val	1	0	0	21.84	183.61										
318	dhm	val	1	0	0	24.31	134.59										
319	dhm	val	1	0	1	7.31	84.61										
320	dhm	val	0	1	0	0.00	-15.6										
321	dhm	val	0	1	0	0.00	-15.6										
322	dhm	val	1	0	0	11.82	52.65										
323	dhm	val	1	0	0	23.64	150.83										
324	dhm	val	1	0	0	23.68	121.88										
325	dhm	val	1	0	0	13.82	79.67										
326	iv	val	1	0	0	17.04	13.15										
327	iv	val	1	0	0	19.73	64.144										
328	iv	val	1	0	0	12.10	12.818										
329	iv	val	1	0	0	14.28	14.602										
330	iv	val	1	0	0	16.10	12.486										
331	iv	val	1	0	0	18.65	23.68										
332	iv	val	1	0	0	21.10	40.124										
333	iv	val	1	0	0	18.02	22.408										
334	iv	val	0	1	0	0.00	-25.328										
335	iv	val	1	0	0	15.03	17.506										
336	iv	val	1	0	0	17.13	78.72										
337	iv	val	1	0	0	15.77	26.654										
338	iv	val	1	0	0	13.86	21.578										
339	iv	val	1	0	0	20.61	30.432										
340	iv	val	1	0	0	15.20	10.826										
341	iv	val	1	0	0	18.33	92.77										
342	iv	val	1	0	0	13.15	33.624										
343	iv	val	1	0	0	16.63	78.768										
344	iv	val	1	0	0	19.05	36.532										
345	iv	val	1	0	0	27.09	153.056										
346	iv	val	1	0	0	18.40	27.71										
347	iv	val	1	0	0	21.37	39.674										
348	iv	val	1	0	0	20.12	31.548										
349	iv	val	1	0	0	13.38	16.222										
350	iv	val	1	0	0	11.41	65.176										
351	lhm	val	1	0	0	18.23	41.15										
352	lhm	val	0	1	0	0.00	-29.31										
353	lhm	val	1	0	0	16.44	11.57										
354	lhm	val	1	0	0	0.00	-29.63										
355	lhm	val	1	0	0	11.89	59.39										
356	lhm	val	1	0	0	14.72	11.33										
357	lhm	val	1	0	0	30.95	48.96										
358	lhm	val	0	1	0	0.00	-30.27										
359	lhm	val	0	1	0	0.00	-30.43										
360	lhm	val	1	0	0	21.06	158.66										
361	lhm	val	0	1	0	0.00	-30.75										
362	lhm	val	0	1	0	0.00	-30.91										
363	lhm	val	1	0	0	21.70	140.4										
364	lhm	val	1	0	0	22.69	139.25										
365	lhm	val	1	0	0	12.59	53.61										
366	lhm	val	1	0	0	17.88	18.87										
367	lhm	val	1	0	0	12.92	26.37										
368	lhm	val	0	1	0	0.00	-31.87										
369	lhm	val	1	0	0	22.46	164.09										
370	lhm	val	0	1	0	0.00	-32.19										
371	lhm	val	0	1	0	0.00	-32.35										
372	lhm	val	1	0	0	17.50	100.53										
373	lhm	val	0	1	0	0.00	-32.67										
374	lhm	val	0	1	0	0.00	-32.83										
375	lhm	val	0	1	0	0.00	-32.99										
376	val	lhm	1	0	2	34.10	120.156										
377	val	lhm	1	0	2	21.23	180.922										
378	val	lhm	1	0	2	0.00	-34.502										
379	val	lhm	1	0	2	0.00	-34.636										
380	val	lhm	0	1	2	0.00	-34.77										
381	val	lhm	0	1	2	0.00	-34.904										
382	val	lhm	0	1	2	0.00	-35.038										
383	val	lhm	1	0	2	0.00	-35.172										
384	val	lhm	1	0	2	19.89	169.124										
385	val	lhm	1	0	2	0.00	-35.44										
386	val	lhm	0	1	2	0.00	-35.574										
387	val	lhm	0	1	2	0.00	-35.708										
388	val	lhm	0	1	2	0.00	-35.842										
389	val	lhm	1	0	2	0.00	-35.976										
390	val	lhm	1	0	2	0.00	-36.11										
391	val	lhm	1	0	2	28.48	162.276										
392	val	lhm	0	1	2	0.00	-36.378										
393	val	lhm	1	0	2	12.54	64.078										
394	val	lhm	1	0	2	24.22	167.464										
395	val	lhm	0	1	2	0.00	-36.78										
396	val	lhm	1	0	2	0.00	-36.914										
397	val	lhm	1	0	2	0.00	-37.048										
398	val	lhm	1	0	2	0.00	-37.182										
399	val	lhm	0	1	2	0.00	-37.316										
400	val	lhm	0	1	2	0.00	-37.45										