vial	day	female	male	mated	eggs	total_emerged	prop_eggs_emerged	failure									
1	1	iv	iv	1	29	31	1.068965517	0									
6	1	iv	iv	1	29	27	0.931034483	0									
7	1	iv	iv	1	25	24	0.96	0									
8	1	iv	iv	1	24	21	0.875	0									
11	1	iv	iv	1	24	24	1	0									
12	1	iv	iv	1	11	9	0.818181818	0									
13	1	iv	iv	1	25	27	1.08	0									
14	1	iv	iv	1	30	30	1	0									
18	1	iv	iv	1	24	24	1	0									
21	1	iv	iv	1	21	22	1.047619048	0									
28	1	dhm	dhm	1	33	34	1.03030303	0									
31	1	dhm	dhm	1	0	0	#DIV/0!	0									
34	1	dhm	dhm	1	35	34	0.971428571	0									
36	1	dhm	dhm	1	38	41	1.078947368	0									
37	1	dhm	dhm	1	28	19	0.678571429	0									
39	1	dhm	dhm	1	31	26	0.838709677	0									
40	1	dhm	dhm	1	22	20	0.909090909	0									
41	1	dhm	dhm	1	32	18	0.5625	0									
42	1	dhm	dhm	1	29	19	0.655172414	0									
45	1	dhm	dhm	1	34	35	1.029411765	0									
52	1	dhm	iv	1	25	29	1.16	0									
57	1	dhm	iv	1	38	35	0.921052632	0									
58	1	dhm	iv	1	11	8	0.727272727	0									
59	1	dhm	iv	1	27	23	0.851851852	0									
61	1	dhm	iv	1	34	33	0.970588235	0									
64	1	dhm	iv	1	28	27	0.964285714	0									
65	1	dhm	iv	1	17	19	1.117647059	0									
69	1	dhm	iv	1	18	18	1	0									
70	1	dhm	iv	1	32	31	0.96875	0									
71	1	dhm	iv	1	28	27	0.964285714	0									
76	1	val	dhm	1	24	31	1.291666667	0									
78	1	val	dhm	1	23	25	1.086956522	0									
79	1	val	dhm	1	21	19	0.904761905	0									
80	1	val	dhm	1	30	33	1.1	0									
81	1	val	dhm	1	13	15	1.153846154	0									
84	1	val	dhm	1	19	18	0.947368421	0									
87	1	val	dhm	1	26	26	1	0									
88	1	val	dhm	1	34	35	1.029411765	0									
93	1	val	dhm	1	18	21	1.166666667	0									
94	1	val	dhm	1	13	16	1.230769231	0									
101	1	lhm	dhm	1	12	13	1.083333333	0									
105	1	lhm	dhm	1	4	6	1.5	0									
106	1	lhm	dhm	1	14	13	0.928571429	0									
109	1	lhm	dhm	1	11	12	1.090909091	0									
111	1	lhm	dhm	1	12	13	1.083333333	0									
112	1	lhm	dhm	1	15	17	1.133333333	0									
115	1	lhm	dhm	1	7	13	1.857142857	0									
117	1	lhm	dhm	1	11	9	0.818181818	0									
119	1	lhm	dhm	1	7	8	1.142857143	0									
127	1	val	iv	1	18	24	1.333333333	0									
128	1	val	iv	1	19	21	1.105263158	0									
129	1	val	iv	1	16	17	1.0625	0									
130	1	val	iv	1	19	20	1.052631579	0									
133	1	val	iv	1	19	25	1.315789474	0									
136	1	val	iv	1	11	11	1	0									
134	1	val	iv	1	21	25	1.19047619	0									
142	1	val	iv	1	18	18	1	0									
146	1	val	iv	1	18	24	1.333333333	0									
149	1	val	iv	1		0	#DIV/0!	1									
150	1	val	iv	1		0	#DIV/0!	1									
151	1	lhm	iv	1	18	19	1.055555556	0									
152	1	lhm	iv	1	9	11	1.222222222	0									
163	1	lhm	iv	1	15	13	0.866666667	0									
175	1	lhm	iv	1		0	#DIV/0!	1									
177	1	iv	dhm	1	29	31	1.068965517	0									
180	1	iv	dhm	1	29	27	0.931034483	0									
182	1	iv	dhm	1	0	0	#DIV/0!	1									
183	1	iv	dhm	1	22	22	1	0									
184	1	iv	dhm	1	25	22	0.88	0									
186	1	iv	dhm	1	29	8	0.275862069	0									
190	1	iv	dhm	1	26	18	0.692307692	0									
191	1	iv	dhm	1	32	20	0.625	0									
195	1	iv	dhm	1	31	22	0.709677419	0									
196	1	iv	 dhm	1	0	0	#DIV/0!	1									
201	1	lhm	lhm	1	13	11	0.846153846	0									
202	1	lhm	lhm	1	14	10	0.714285714	0									
204	1	lhm	lhm	1	14	8	0.571428571	0									
206	1	lhm	lhm	1	11	13	1.181818182	0									
207	1	lhm	lhm	1	12	9	0.75	0									
209	1	lhm	lhm	1	17	9	0.529411765	0									
212	1	lhm	lhm	1	2	2	1	0									
215	1	lhm	lhm	1	17	16	0.941176471	0									
216	1	lhm	lhm	1	15	15	1	0									
217	1	lhm	lhm	1	14	4	0.285714286	0									
220	1	lhm	lhm	1		0	#DIV/0!	0									
227	1	val	val	1	15	19	1.266666667	0									
229	1	val	val	1	22	25	1.136363636	0									
233	1	val	val	1	13	14	1.076923077	0									
234	1	val	val	1	25	26	1.04	0									
236	1	val	val	1	21	26	1.238095238	0									
242	1	val	val	1	19	15	0.789473684	0									
244	1	val	val	1	21	22	1.047619048	0									
246	1	val	val	1	25	26	1.04	0									
247	1	val	val	1	30	32	1.066666667	0									
248	1	val	val	1		0	#DIV/0!	1									
250	1	val	val	1	17	15	0.882352941	0									
251	1	iv	lhm	1	8	5	0.625	0									
252	1	iv	lhm	1	25	18	0.72	0									
254	1	iv	lhm	1	20	12	0.6	0									
255	1	iv	lhm	1	19	12	0.631578947	0									
256	1	iv	lhm	1	25	15	0.6	0									
257	1	iv	lhm	1	27	18	0.666666667	0									
259	1	iv	lhm	1	21	13	0.619047619	0									
268	1	iv	lhm	1	27	21	0.777777778	0									
269	1	iv	lhm	1	0	0	#DIV/0!	1									
278	1	dhm	lhm	1	20	22	1.1	0									
282	1	dhm	lhm	1	29	22	0.75862069	0									
287	1	dhm	lhm	1	1	2	2	0									
291	1	dhm	lhm	1	31	31	1	0									
292	1	dhm	lhm	1	18	13	0.722222222	0									
302	1	dhm	val	1	1	2	2	0									
303	1	dhm	val	1	38	28	0.736842105	0									
305	1	dhm	val	1	0	0	#DIV/0!	1									
306	1	dhm	val	1	0	0	#DIV/0!	1									
307	1	dhm	val	1	24	23	0.958333333	0									
309	1	dhm	val	1	27	33	1.222222222	0									
313	1	dhm	val	1		0	#DIV/0!	1									
316	1	dhm	val	1	32	34	1.0625	0									
317	1	dhm	val	1	36	39	1.083333333	0									
320	1	dhm	val	1	33	29	0.878787879	0									
325	1	dhm	val	1	35?	0	#VALUE!	1									
326	1	iv	val	1	14?	24	#VALUE!	1									
327	1	iv	val	1	19	18	0.947368421	0									
328	1	iv	val	1	18	17	0.944444444	0									
329	1	iv	val	1	27	22	0.814814815	0									
330	1	iv	val	1	19	16	0.842105263	0									
335	1	iv	val	1	22	14	0.636363636	0									
339	1	iv	val	1	19	18	0.947368421	0									
340	1	iv	val	1	15	9	0.6	0									
341	1	iv	val	1	19	19	1	0									
342	1	iv	val	1	dead F	0	#VALUE!	1									
343	1	iv	val	1	no female	0	#VALUE!	1									
351	1	lhm	val	1	7	6	0.857142857	0									
353	1	lhm	val	1	8	9	1.125	0									
354	1	lhm	val	1	8	5	0.625	0									
357	1	lhm	val	1	14	10	0.714285714	0									
358	1	lhm	val	1	15	13	0.866666667	0									
361	1	lhm	val	1	17	15	0.882352941	0									
367	1	lhm	val	1	11	11	1	0									
368	1	lhm	val	1	4	5	1.25	0									
372	1	lhm	val	1	12	14	1.166666667	0									
373	1	lhm	val	1	15	15	1	0									
374	1	lhm	val	1		0	#DIV/0!	1									
375	1	lhm	val	1		0	#DIV/0!	1									
376	1	val	lhm	1	16	16	1	0									
377	1	val	lhm	1	19	24	1.263157895	0									
379	1	val	lhm	1	25	28	1.12	0									
382	1	val	lhm	1	27	28	1.037037037	0									
383	1	val	lhm	1	12	15	1.25	0									
385	1	val	lhm	1	22	24	1.090909091	0									
391	1	val	lhm	1	14	16	1.142857143	0									
392	1	val	lhm	1	23	24	1.043478261	0									
393	1	val	lhm	1	17	18	1.058823529	0									
394	1	val	lhm	1	12	12	1	0									
1	2	iv	iv	1	9	8	0.888888889	0									
6	2	iv	iv	1	11	12	1.090909091	0									
7	2	iv	iv	1	6	6	1	0									
8	2	iv	iv	1	14	14	1	0									
11	2	iv	iv	1	6	5	0.833333333	0									
12	2	iv	iv	1	7	7	1	0									
13	2	iv	iv	1	9	8	0.888888889	0									
14	2	iv	iv	1	11	12	1.090909091	0									
18	2	iv	iv	1	6	3	0.5	0									
21	2	iv	iv	1	10	8	0.8	0									
28	2	dhm	dhm	1	17	17	1	0									
31	2	dhm	dhm	1	50	46	0.92	0									
34	2	dhm	dhm	1	16	16	1	0									
36	2	dhm	dhm	1	17	16	0.941176471	0									
37	2	dhm	dhm	1	17	14	0.823529412	0									
39	2	dhm	dhm	1	17	10	0.588235294	0									
40	2	dhm	dhm	1	6	6	1	0									
41	2	dhm	dhm	1	22	11	0.5	0									
42	2	dhm	dhm	1	13	8	0.615384615	0									
45	2	dhm	dhm	1	19	14	0.736842105	0									
52	2	dhm	iv	1	15	12	0.8	0									
57	2	dhm	iv	1	24	22	0.916666667	0									
58	2	dhm	iv	1	0	0	#DIV/0!	1									
59	2	dhm	iv	1	17	15	0.882352941	0									
61	2	dhm	iv	1	9	9	1	0									
64	2	dhm	iv	1	10	11	1.1	0									
65	2	dhm	iv	1	21	19	0.904761905	0									
69	2	dhm	iv	1	8	8	1	0									
70	2	dhm	iv	1	15	16	1.066666667	0									
71	2	dhm	iv	1	34	12	0.352941176	0									
76	2	val	dhm	1	15	16	1.066666667	0									
78	2	val	dhm	1	17	17	1	0									
79	2	val	dhm	1	19	16	0.842105263	0									
80	2	val	dhm	1	14	14	1	0									
81	2	val	dhm	1	11	10	0.909090909	0									
84	2	val	dhm	1	20	20	1	0									
87	2	val	dhm	1	16	16	1	0									
88	2	val	dhm	1	13	14	1.076923077	0									
93	2	val	dhm	1	10	10	1	0									
94	2	val	dhm	1	24	29	1.208333333	0									
101	2	lhm	dhm	1	14	11	0.785714286	0									
105	2	lhm	dhm	1	17	12	0.705882353	0									
106	2	lhm	dhm	1	9	8	0.888888889	0									
109	2	lhm	dhm	1	21	25	1.19047619	0									
111	2	lhm	dhm	1	17	18	1.058823529	0									
112	2	lhm	dhm	1	17	16	0.941176471	0									
115	2	lhm	dhm	1	13	16	1.230769231	0									
117	2	lhm	dhm	1	14	10	0.714285714	0									
119	2	lhm	dhm	1	9	5	0.555555556	0									
127	2	val	iv	1	21	24	1.142857143	0									
128	2	val	iv	1	13	13	1	0									
129	2	val	iv	1	22	21	0.954545455	0									
130	2	val	iv	1	14	16	1.142857143	0									
133	2	val	iv	1	14	13	0.928571429	0									
136	2	val	iv	1	20	18	0.9	0									
134	2	val	iv	1	11	12	1.090909091	0									
142	2	val	iv	1	15	14	0.933333333	0									
146	2	val	iv	1	18	22	1.222222222	0									
149	2	val	iv	1		0	#DIV/0!	1									
150	2	val	iv	1		0	#DIV/0!	1									
151	2	lhm	iv	1	19	20	1.052631579	0									
152	2	lhm	iv	1	19	21	1.105263158	0									
163	2	lhm	iv	1	11	10	0.909090909	0									
175	2	lhm	iv	1		0	#DIV/0!	1									
177	2	iv	dhm	1	6	7	1.166666667	0									
180	2	iv	dhm	1	10	8	0.8	0									
182	2	iv	dhm	1	0	0	#DIV/0!	1									
183	2	iv	dhm	1	2	2	1	0									
184	2	iv	dhm	1	10	8	0.8	0									
186	2	iv	dhm	1	3	3	1	0									
190	2	iv	dhm	1	15	8	0.533333333	0									
191	2	iv	dhm	1	6	5	0.833333333	0									
195	2	iv	dhm	1	6	3	0.5	0									
196	2	iv	 dhm	1	0	0	#DIV/0!	1									
201	2	lhm	lhm	1	25	21	0.84	0									
202	2	lhm	lhm	1	9	8	0.888888889	0									
204	2	lhm	lhm	1	15	9	0.6	0									
206	2	lhm	lhm	1	3	9	3	0									
207	2	lhm	lhm	1	11	5	0.454545455	0									
209	2	lhm	lhm	1	13	5	0.384615385	0									
212	2	lhm	lhm	1	5	2	0.4	0									
215	2	lhm	lhm	1	13	6	0.461538462	0									
216	2	lhm	lhm	1	11	10	0.909090909	0									
217	2	lhm	lhm	1	2	1	0.5	0									
220	2	lhm	lhm	1		0	#DIV/0!	1									
227	2	val	val	1	15	11	0.733333333	0									
229	2	val	val	1	16	15	0.9375	0									
233	2	val	val	1	13	9	0.692307692	0									
234	2	val	val	1	1	1	1	0									
236	2	val	val	1	18	15	0.833333333	0									
242	2	val	val	1	19	17	0.894736842	0									
244	2	val	val	1	22	22	1	0									
246	2	val	val	1	15	14	0.933333333	0									
247	2	val	val	1	16	19	1.1875	0									
248	2	val	val	1		0	#DIV/0!	1									
250	2	val	val	1	17	17	1	0									
251	2	iv	lhm	1	15	4	0.266666667	0									
252	2	iv	lhm	1	7	5	0.714285714	0									
254	2	iv	lhm	1	9	6	0.666666667	0									
255	2	iv	lhm	1	6	6	1	0									
256	2	iv	lhm	1	14	9	0.642857143	0									
257	2	iv	lhm	1	8	7	0.875	0									
259	2	iv	lhm	1	8	5	0.625	0									
268	2	iv	lhm	1	10	8	0.8	0									
269	2	iv	lhm	1	0	0	#DIV/0!	1									
278	2	dhm	lhm	1	18	15	0.833333333	0									
282	2	dhm	lhm	1	12	11	0.916666667	0									
287	2	dhm	lhm	1	0	0	#DIV/0!	1									
291	2	dhm	lhm	1	15	16	1.066666667	0									
292	2	dhm	lhm	1	21	14	0.666666667	0									
302	2	dhm	val	1	34	34	1	0									
303	2	dhm	val	1	20	9	0.45	0									
305	2	dhm	val	1	27	26	0.962962963	0									
306	2	dhm	val	1	0	1	#DIV/0!	1									
307	2	dhm	val	1	29	3	0.103448276	0									
309	2	dhm	val	1	12	13	1.083333333	0									
313	2	dhm	val	1		0	#DIV/0!	1									
316	2	dhm	val	1	12	14	1.166666667	0									
317	2	dhm	val	1	19	14	0.736842105	0									
320	2	dhm	val	1	13	12	0.923076923	0									
325	2	dhm	val	1	0	0	#DIV/0!	1									
326	2	iv	val	1	20	7	0.35	0									
327	2	iv	val	1	9	6	0.666666667	0									
328	2	iv	val	1	10	11	1.1	0									
329	2	iv	val	1	7	6	0.857142857	0									
330	2	iv	val	1	7	6	0.857142857	0									
335	2	iv	val	1	10	8	0.8	0									
339	2	iv	val	1	13	10	0.769230769	0									
340	2	iv	val	1	10	7	0.7	0									
341	2	iv	val	1	0	0	#DIV/0!	1									
342	2	iv	val	1	dead F	0	#VALUE!	1									
343	2	iv	val	1	no female	0	#VALUE!	1									
351	2	lhm	val	1	15	16	1.066666667	0									
353	2	lhm	val	1	20	23	1.15	0									
354	2	lhm	val	1	2	2	1	0									
357	2	lhm	val	1	11	9	0.818181818	0									
358	2	lhm	val	1	20	18	0.9	0									
361	2	lhm	val	1	15	14	0.933333333	0									
367	2	lhm	val	1	12	10	0.833333333	0									
368	2	lhm	val	1	0	0	#DIV/0!	1									
372	2	lhm	val	1	10	8	0.8	0									
373	2	lhm	val	1	10	9	0.9	0									
374	2	lhm	val	1		0	#DIV/0!	1									
375	2	lhm	val	1		0	#DIV/0!	1									
376	2	val	lhm	1	22	23	1.045454545	0									
377	2	val	lhm	1	10	8	0.8	0									
379	2	val	lhm	1	22	24	1.090909091	0									
382	2	val	lhm	1	25	31	1.24	0									
383	2	val	lhm	1	16	20	1.25	0									
385	2	val	lhm	1	12	13	1.083333333	0									
391	2	val	lhm	1	13	12	0.923076923	0									
392	2	val	lhm	1	12	12	1	0									
393	2	val	lhm	1	13	15	1.153846154	0									
394	2	val	lhm	1	11	14	1.272727273	0									